# m34_highMass
# underflow	  12887.401    	  8.2688697    
# overflow	 0.22856217    	 0.79621553E-02
# sum	  12931.627    	  8.2754276    
# xmin	xmax	cross	numerror
  300.00000    	  305.00000    	  2.9115837    	 0.99841360E-01
  305.00000    	  310.00000    	  2.7693008    	 0.97572307E-01
  310.00000    	  315.00000    	  2.4746336    	 0.88891863E-01
  315.00000    	  320.00000    	  2.3554324    	 0.10297045    
  320.00000    	  325.00000    	  2.0067334    	 0.72272114E-01
  325.00000    	  330.00000    	  2.0448488    	 0.80539960E-01
  330.00000    	  335.00000    	  1.9248450    	 0.88511202E-01
  335.00000    	  340.00000    	  1.6345316    	 0.69992070E-01
  340.00000    	  345.00000    	  1.7127461    	 0.70610435E-01
  345.00000    	  350.00000    	  1.4369228    	 0.65975809E-01
  350.00000    	  355.00000    	  1.2703277    	 0.53299811E-01
  355.00000    	  360.00000    	  1.2404566    	 0.54367248E-01
  360.00000    	  365.00000    	  1.0803285    	 0.50698467E-01
  365.00000    	  370.00000    	  1.0591922    	 0.50256452E-01
  370.00000    	  375.00000    	  1.0594541    	 0.45968083E-01
  375.00000    	  380.00000    	 0.89202566    	 0.41113761E-01
  380.00000    	  385.00000    	 0.85167964    	 0.40410320E-01
  385.00000    	  390.00000    	 0.82253921    	 0.40395471E-01
  390.00000    	  395.00000    	 0.79745970    	 0.40384338E-01
  395.00000    	  400.00000    	 0.72038747    	 0.37898628E-01
  400.00000    	  405.00000    	 0.66362775    	 0.34405034E-01
  405.00000    	  410.00000    	 0.66380346    	 0.36036836E-01
  410.00000    	  415.00000    	 0.57490149    	 0.30102169E-01
  415.00000    	  420.00000    	 0.53050110    	 0.29005116E-01
  420.00000    	  425.00000    	 0.59493261    	 0.33389767E-01
  425.00000    	  430.00000    	 0.52226661    	 0.28951465E-01
  430.00000    	  435.00000    	 0.52190184    	 0.29383255E-01
  435.00000    	  440.00000    	 0.46356538    	 0.27727699E-01
  440.00000    	  445.00000    	 0.41911069    	 0.25519017E-01
  445.00000    	  450.00000    	 0.43177626    	 0.27448749E-01
  450.00000    	  455.00000    	 0.36146719    	 0.20736671E-01
  455.00000    	  460.00000    	 0.35209317    	 0.20233965E-01
  460.00000    	  465.00000    	 0.33996552    	 0.21686733E-01
  465.00000    	  470.00000    	 0.32589899    	 0.17770219E-01
  470.00000    	  475.00000    	 0.32104773    	 0.19090343E-01
  475.00000    	  480.00000    	 0.27942600    	 0.17533666E-01
  480.00000    	  485.00000    	 0.29795840    	 0.18316662E-01
  485.00000    	  490.00000    	 0.26527351    	 0.16795832E-01
  490.00000    	  495.00000    	 0.22627429    	 0.15904683E-01
  495.00000    	  500.00000    	 0.23478711    	 0.15074496E-01
  500.00000    	  505.00000    	 0.20118521    	 0.15298738E-01
  505.00000    	  510.00000    	 0.22333288    	 0.14608067E-01
  510.00000    	  515.00000    	 0.21389744    	 0.15305483E-01
  515.00000    	  520.00000    	 0.19012578    	 0.13203393E-01
  520.00000    	  525.00000    	 0.16563204    	 0.12511841E-01
  525.00000    	  530.00000    	 0.18147749    	 0.14274488E-01
  530.00000    	  535.00000    	 0.15825352    	 0.10567864E-01
  535.00000    	  540.00000    	 0.16084272    	 0.10965315E-01
  540.00000    	  545.00000    	 0.13001539    	 0.94203959E-02
  545.00000    	  550.00000    	 0.12629647    	 0.94559055E-02
  550.00000    	  555.00000    	 0.13333791    	 0.10141976E-01
  555.00000    	  560.00000    	 0.13124139    	 0.11317900E-01
  560.00000    	  565.00000    	 0.11321057    	 0.84278663E-02
  565.00000    	  570.00000    	 0.11908966    	 0.86551318E-02
  570.00000    	  575.00000    	 0.91794354E-01	 0.78442320E-02
  575.00000    	  580.00000    	 0.11513738    	 0.84281479E-02
  580.00000    	  585.00000    	 0.75840495E-01	 0.66403613E-02
  585.00000    	  590.00000    	 0.10654284    	 0.85956148E-02
  590.00000    	  595.00000    	 0.98059342E-01	 0.80826397E-02
  595.00000    	  600.00000    	 0.84003083E-01	 0.67788689E-02
  600.00000    	  605.00000    	 0.75019109E-01	 0.70435243E-02
  605.00000    	  610.00000    	 0.66845652E-01	 0.65694649E-02
  610.00000    	  615.00000    	 0.72350295E-01	 0.61873512E-02
  615.00000    	  620.00000    	 0.58926862E-01	 0.58130456E-02
  620.00000    	  625.00000    	 0.64032293E-01	 0.49421262E-02
  625.00000    	  630.00000    	 0.62151988E-01	 0.57498567E-02
  630.00000    	  635.00000    	 0.50225237E-01	 0.53283045E-02
  635.00000    	  640.00000    	 0.59584143E-01	 0.51264520E-02
  640.00000    	  645.00000    	 0.46813186E-01	 0.37830685E-02
  645.00000    	  650.00000    	 0.57062745E-01	 0.48736703E-02
  650.00000    	  655.00000    	 0.51607737E-01	 0.45936624E-02
  655.00000    	  660.00000    	 0.50031148E-01	 0.46278420E-02
  660.00000    	  665.00000    	 0.42509823E-01	 0.45476980E-02
  665.00000    	  670.00000    	 0.44583487E-01	 0.46990493E-02
  670.00000    	  675.00000    	 0.40557540E-01	 0.42171918E-02
  675.00000    	  680.00000    	 0.45392863E-01	 0.49474622E-02
  680.00000    	  685.00000    	 0.32592897E-01	 0.32422273E-02
  685.00000    	  690.00000    	 0.34036107E-01	 0.33368913E-02
  690.00000    	  695.00000    	 0.33370133E-01	 0.30262479E-02
  695.00000    	  700.00000    	 0.30687751E-01	 0.33281918E-02
  700.00000    	  705.00000    	 0.31767323E-01	 0.31213916E-02
  705.00000    	  710.00000    	 0.29398721E-01	 0.34580704E-02
  710.00000    	  715.00000    	 0.31202011E-01	 0.38460419E-02
  715.00000    	  720.00000    	 0.24585238E-01	 0.28696353E-02
  720.00000    	  725.00000    	 0.25544161E-01	 0.28007233E-02
  725.00000    	  730.00000    	 0.21256597E-01	 0.22147160E-02
  730.00000    	  735.00000    	 0.23336511E-01	 0.23549458E-02
  735.00000    	  740.00000    	 0.19085662E-01	 0.27346659E-02
  740.00000    	  745.00000    	 0.21817850E-01	 0.21655235E-02
  745.00000    	  750.00000    	 0.26694266E-01	 0.26258644E-02
  750.00000    	  755.00000    	 0.21252580E-01	 0.26333126E-02
  755.00000    	  760.00000    	 0.23558873E-01	 0.25058907E-02
  760.00000    	  765.00000    	 0.18420198E-01	 0.20579139E-02
  765.00000    	  770.00000    	 0.17762307E-01	 0.19066578E-02
  770.00000    	  775.00000    	 0.18022615E-01	 0.19179405E-02
  775.00000    	  780.00000    	 0.11653373E-01	 0.17206937E-02
  780.00000    	  785.00000    	 0.15692062E-01	 0.16056682E-02
  785.00000    	  790.00000    	 0.18241092E-01	 0.18761444E-02
  790.00000    	  795.00000    	 0.18052986E-01	 0.23616517E-02
  795.00000    	  800.00000    	 0.13986633E-01	 0.16200234E-02
  800.00000    	  805.00000    	 0.84875628E-02	 0.11232344E-02
  805.00000    	  810.00000    	 0.12204360E-01	 0.15799066E-02
  810.00000    	  815.00000    	 0.12370615E-01	 0.14536258E-02
  815.00000    	  820.00000    	 0.11397940E-01	 0.13825885E-02
  820.00000    	  825.00000    	 0.84202567E-02	 0.11877745E-02
  825.00000    	  830.00000    	 0.15273530E-01	 0.15889175E-02
  830.00000    	  835.00000    	 0.12175934E-01	 0.13680145E-02
  835.00000    	  840.00000    	 0.10667717E-01	 0.13860785E-02
  840.00000    	  845.00000    	 0.10269357E-01	 0.14364444E-02
  845.00000    	  850.00000    	 0.87578248E-02	 0.11796536E-02
  850.00000    	  855.00000    	 0.84289902E-02	 0.10898234E-02
  855.00000    	  860.00000    	 0.53929489E-02	 0.85450468E-03
  860.00000    	  865.00000    	 0.59546770E-02	 0.10235868E-02
  865.00000    	  870.00000    	 0.37645156E-02	 0.72902174E-03
  870.00000    	  875.00000    	 0.95619032E-02	 0.14191490E-02
  875.00000    	  880.00000    	 0.97556608E-02	 0.13104098E-02
  880.00000    	  885.00000    	 0.72835571E-02	 0.99316706E-03
  885.00000    	  890.00000    	 0.68388311E-02	 0.91265684E-03
  890.00000    	  895.00000    	 0.74024810E-02	 0.98750842E-03
  895.00000    	  900.00000    	 0.72755729E-02	 0.10345850E-02
  900.00000    	  905.00000    	 0.71087003E-02	 0.97345165E-03
  905.00000    	  910.00000    	 0.40112834E-02	 0.67768562E-03
  910.00000    	  915.00000    	 0.37183463E-02	 0.54703426E-03
  915.00000    	  920.00000    	 0.34049540E-02	 0.58506598E-03
  920.00000    	  925.00000    	 0.78264339E-02	 0.84020011E-03
  925.00000    	  930.00000    	 0.62842291E-02	 0.74849479E-03
  930.00000    	  935.00000    	 0.38085901E-02	 0.57217809E-03
  935.00000    	  940.00000    	 0.56345640E-02	 0.88563669E-03
  940.00000    	  945.00000    	 0.49914742E-02	 0.73509550E-03
  945.00000    	  950.00000    	 0.54892465E-02	 0.88717113E-03
  950.00000    	  955.00000    	 0.45196963E-02	 0.64858111E-03
  955.00000    	  960.00000    	 0.47846455E-02	 0.74044864E-03
  960.00000    	  965.00000    	 0.45912745E-02	 0.70427086E-03
  965.00000    	  970.00000    	 0.44241734E-02	 0.73881740E-03
  970.00000    	  975.00000    	 0.39166924E-02	 0.55588766E-03
  975.00000    	  980.00000    	 0.28729802E-02	 0.45317161E-03
  980.00000    	  985.00000    	 0.35529834E-02	 0.58604981E-03
  985.00000    	  990.00000    	 0.18325478E-02	 0.33768566E-03
  990.00000    	  995.00000    	 0.47248654E-02	 0.64702920E-03
  995.00000    	  1000.0000    	 0.33216571E-02	 0.55260592E-03
