# pt34_highPtR
# underflow	  12936.770    	  8.2626803    
# overflow	  0.0000000    	  0.0000000    
# sum	  12936.770    	  8.2626803    
# xmin	xmax	cross	numerror
  200.00000    	  210.00000    	  0.0000000    	  0.0000000    
  210.00000    	  220.00000    	  0.0000000    	  0.0000000    
  220.00000    	  230.00000    	  0.0000000    	  0.0000000    
  230.00000    	  240.00000    	  0.0000000    	  0.0000000    
  240.00000    	  250.00000    	  0.0000000    	  0.0000000    
  250.00000    	  260.00000    	  0.0000000    	  0.0000000    
  260.00000    	  270.00000    	  0.0000000    	  0.0000000    
  270.00000    	  280.00000    	  0.0000000    	  0.0000000    
  280.00000    	  290.00000    	  0.0000000    	  0.0000000    
  290.00000    	  300.00000    	  0.0000000    	  0.0000000    
  300.00000    	  310.00000    	  0.0000000    	  0.0000000    
  310.00000    	  320.00000    	  0.0000000    	  0.0000000    
  320.00000    	  330.00000    	  0.0000000    	  0.0000000    
  330.00000    	  340.00000    	  0.0000000    	  0.0000000    
  340.00000    	  350.00000    	  0.0000000    	  0.0000000    
  350.00000    	  360.00000    	  0.0000000    	  0.0000000    
  360.00000    	  370.00000    	  0.0000000    	  0.0000000    
  370.00000    	  380.00000    	  0.0000000    	  0.0000000    
  380.00000    	  390.00000    	  0.0000000    	  0.0000000    
  390.00000    	  400.00000    	  0.0000000    	  0.0000000    
  400.00000    	  410.00000    	  0.0000000    	  0.0000000    
  410.00000    	  420.00000    	  0.0000000    	  0.0000000    
  420.00000    	  430.00000    	  0.0000000    	  0.0000000    
  430.00000    	  440.00000    	  0.0000000    	  0.0000000    
  440.00000    	  450.00000    	  0.0000000    	  0.0000000    
  450.00000    	  460.00000    	  0.0000000    	  0.0000000    
  460.00000    	  470.00000    	  0.0000000    	  0.0000000    
  470.00000    	  480.00000    	  0.0000000    	  0.0000000    
  480.00000    	  490.00000    	  0.0000000    	  0.0000000    
  490.00000    	  500.00000    	  0.0000000    	  0.0000000    
  500.00000    	  510.00000    	  0.0000000    	  0.0000000    
  510.00000    	  520.00000    	  0.0000000    	  0.0000000    
  520.00000    	  530.00000    	  0.0000000    	  0.0000000    
  530.00000    	  540.00000    	  0.0000000    	  0.0000000    
  540.00000    	  550.00000    	  0.0000000    	  0.0000000    
  550.00000    	  560.00000    	  0.0000000    	  0.0000000    
  560.00000    	  570.00000    	  0.0000000    	  0.0000000    
  570.00000    	  580.00000    	  0.0000000    	  0.0000000    
  580.00000    	  590.00000    	  0.0000000    	  0.0000000    
  590.00000    	  600.00000    	  0.0000000    	  0.0000000    
  600.00000    	  610.00000    	  0.0000000    	  0.0000000    
  610.00000    	  620.00000    	  0.0000000    	  0.0000000    
  620.00000    	  630.00000    	  0.0000000    	  0.0000000    
  630.00000    	  640.00000    	  0.0000000    	  0.0000000    
  640.00000    	  650.00000    	  0.0000000    	  0.0000000    
  650.00000    	  660.00000    	  0.0000000    	  0.0000000    
  660.00000    	  670.00000    	  0.0000000    	  0.0000000    
  670.00000    	  680.00000    	  0.0000000    	  0.0000000    
  680.00000    	  690.00000    	  0.0000000    	  0.0000000    
  690.00000    	  700.00000    	  0.0000000    	  0.0000000    
