# m34_highMass
# underflow	  24673.315    	  35.340802    
# overflow	 0.12568378    	 0.84632742E-02
# sum	  24724.632    	  35.346327    
# xmin	xmax	cross	numerror
  300.00000    	  305.00000    	  4.1364746    	 0.22339869    
  305.00000    	  310.00000    	  3.3036039    	 0.20000417    
  310.00000    	  315.00000    	  2.7615241    	 0.16372908    
  315.00000    	  320.00000    	  2.4829474    	 0.16490688    
  320.00000    	  325.00000    	  2.5877023    	 0.15644349    
  325.00000    	  330.00000    	  2.4002300    	 0.15093404    
  330.00000    	  335.00000    	  2.1535296    	 0.15156307    
  335.00000    	  340.00000    	  2.2692614    	 0.13314375    
  340.00000    	  345.00000    	  1.9876659    	 0.11295672    
  345.00000    	  350.00000    	  1.7453798    	 0.11799621    
  350.00000    	  355.00000    	  1.5455282    	 0.10427640    
  355.00000    	  360.00000    	  1.5332574    	 0.10962079    
  360.00000    	  365.00000    	  1.3603820    	 0.10060919    
  365.00000    	  370.00000    	  1.3228016    	 0.93455740E-01
  370.00000    	  375.00000    	  1.2155937    	 0.89948452E-01
  375.00000    	  380.00000    	  1.0175596    	 0.83538486E-01
  380.00000    	  385.00000    	  1.0481177    	 0.78493906E-01
  385.00000    	  390.00000    	  1.0269560    	 0.75855747E-01
  390.00000    	  395.00000    	  1.0245924    	 0.78654756E-01
  395.00000    	  400.00000    	 0.83747964    	 0.78376957E-01
  400.00000    	  405.00000    	 0.88552238    	 0.71848068E-01
  405.00000    	  410.00000    	 0.71214742    	 0.59633875E-01
  410.00000    	  415.00000    	 0.77494071    	 0.61002573E-01
  415.00000    	  420.00000    	 0.57007115    	 0.59607054E-01
  420.00000    	  425.00000    	 0.70346747    	 0.70611151E-01
  425.00000    	  430.00000    	 0.54389087    	 0.50722582E-01
  430.00000    	  435.00000    	 0.47155608    	 0.48849958E-01
  435.00000    	  440.00000    	 0.56159358    	 0.48786622E-01
  440.00000    	  445.00000    	 0.44408068    	 0.41335107E-01
  445.00000    	  450.00000    	 0.39893372    	 0.40450848E-01
  450.00000    	  455.00000    	 0.54590929    	 0.47152740E-01
  455.00000    	  460.00000    	 0.40388113    	 0.37902040E-01
  460.00000    	  465.00000    	 0.38322229    	 0.38238535E-01
  465.00000    	  470.00000    	 0.27923999    	 0.30511831E-01
  470.00000    	  475.00000    	 0.30499565    	 0.31076841E-01
  475.00000    	  480.00000    	 0.26058036    	 0.31704981E-01
  480.00000    	  485.00000    	 0.26921913    	 0.29044386E-01
  485.00000    	  490.00000    	 0.28055052    	 0.24662909E-01
  490.00000    	  495.00000    	 0.24167844    	 0.26201004E-01
  495.00000    	  500.00000    	 0.23879412    	 0.29444315E-01
  500.00000    	  505.00000    	 0.25157454    	 0.26543378E-01
  505.00000    	  510.00000    	 0.21019436    	 0.24706632E-01
  510.00000    	  515.00000    	 0.23087483    	 0.27215900E-01
  515.00000    	  520.00000    	 0.17609773    	 0.19789919E-01
  520.00000    	  525.00000    	 0.14127381    	 0.20200873E-01
  525.00000    	  530.00000    	 0.15704817    	 0.18880553E-01
  530.00000    	  535.00000    	 0.13637311    	 0.20114376E-01
  535.00000    	  540.00000    	 0.14555756    	 0.20507278E-01
  540.00000    	  545.00000    	 0.13371975    	 0.17259580E-01
  545.00000    	  550.00000    	 0.15797726    	 0.21262072E-01
  550.00000    	  555.00000    	 0.11892145    	 0.13036231E-01
  555.00000    	  560.00000    	 0.12401870    	 0.15539574E-01
  560.00000    	  565.00000    	 0.10901326    	 0.14885258E-01
  565.00000    	  570.00000    	 0.88151473E-01	 0.15662874E-01
  570.00000    	  575.00000    	 0.79138666E-01	 0.13390274E-01
  575.00000    	  580.00000    	 0.65349654E-01	 0.10552021E-01
  580.00000    	  585.00000    	 0.86681933E-01	 0.11831872E-01
  585.00000    	  590.00000    	 0.89421273E-01	 0.12685321E-01
  590.00000    	  595.00000    	 0.78589961E-01	 0.13224577E-01
  595.00000    	  600.00000    	 0.62823399E-01	 0.10011600E-01
  600.00000    	  605.00000    	 0.89599304E-01	 0.10652791E-01
  605.00000    	  610.00000    	 0.78240538E-01	 0.10094561E-01
  610.00000    	  615.00000    	 0.10168140    	 0.13319674E-01
  615.00000    	  620.00000    	 0.62071156E-01	 0.81949575E-02
  620.00000    	  625.00000    	 0.68792301E-01	 0.93994377E-02
  625.00000    	  630.00000    	 0.42733442E-01	 0.84047138E-02
  630.00000    	  635.00000    	 0.61511063E-01	 0.87387839E-02
  635.00000    	  640.00000    	 0.46921716E-01	 0.95705232E-02
  640.00000    	  645.00000    	 0.47375422E-01	 0.78497751E-02
  645.00000    	  650.00000    	 0.48845450E-01	 0.77191333E-02
  650.00000    	  655.00000    	 0.44329357E-01	 0.77176303E-02
  655.00000    	  660.00000    	 0.45066559E-01	 0.78352031E-02
  660.00000    	  665.00000    	 0.37986400E-01	 0.63332168E-02
  665.00000    	  670.00000    	 0.36583599E-01	 0.59958089E-02
  670.00000    	  675.00000    	 0.39228532E-01	 0.56836942E-02
  675.00000    	  680.00000    	 0.32893733E-01	 0.56655000E-02
  680.00000    	  685.00000    	 0.31328552E-01	 0.54057415E-02
  685.00000    	  690.00000    	 0.43558335E-01	 0.66516653E-02
  690.00000    	  695.00000    	 0.21303470E-01	 0.45395397E-02
  695.00000    	  700.00000    	 0.25641186E-01	 0.52299352E-02
  700.00000    	  705.00000    	 0.20711147E-01	 0.46079338E-02
  705.00000    	  710.00000    	 0.17611154E-01	 0.36206888E-02
  710.00000    	  715.00000    	 0.17492278E-01	 0.41152261E-02
  715.00000    	  720.00000    	 0.16919110E-01	 0.40249986E-02
  720.00000    	  725.00000    	 0.18493278E-01	 0.38320178E-02
  725.00000    	  730.00000    	 0.24626153E-01	 0.40324118E-02
  730.00000    	  735.00000    	 0.22256042E-01	 0.39442366E-02
  735.00000    	  740.00000    	 0.15583092E-01	 0.34034427E-02
  740.00000    	  745.00000    	 0.23181720E-01	 0.37543919E-02
  745.00000    	  750.00000    	 0.16398796E-01	 0.36015029E-02
  750.00000    	  755.00000    	 0.10273529E-01	 0.37325301E-02
  755.00000    	  760.00000    	 0.13568545E-01	 0.36435552E-02
  760.00000    	  765.00000    	 0.79583102E-02	 0.30204205E-02
  765.00000    	  770.00000    	 0.16338641E-01	 0.28371865E-02
  770.00000    	  775.00000    	 0.17694359E-01	 0.31035954E-02
  775.00000    	  780.00000    	 0.17747587E-01	 0.29453316E-02
  780.00000    	  785.00000    	 0.18016394E-01	 0.30948789E-02
  785.00000    	  790.00000    	 0.18787153E-01	 0.33818907E-02
  790.00000    	  795.00000    	 0.87593764E-02	 0.21336203E-02
  795.00000    	  800.00000    	 0.15242576E-01	 0.27891537E-02
  800.00000    	  805.00000    	 0.86132140E-02	 0.22287270E-02
  805.00000    	  810.00000    	 0.57071097E-02	 0.24238148E-02
  810.00000    	  815.00000    	 0.13336869E-01	 0.24897737E-02
  815.00000    	  820.00000    	 0.11752618E-01	 0.21322506E-02
  820.00000    	  825.00000    	 0.15355155E-02	 0.15149711E-02
  825.00000    	  830.00000    	 0.42950001E-02	 0.18150051E-02
  830.00000    	  835.00000    	 0.34386911E-02	 0.15745283E-02
  835.00000    	  840.00000    	 0.69611000E-02	 0.16949330E-02
  840.00000    	  845.00000    	 0.71042108E-02	 0.18428122E-02
  845.00000    	  850.00000    	 0.11468962E-01	 0.19224218E-02
  850.00000    	  855.00000    	 0.53077984E-02	 0.13977404E-02
  855.00000    	  860.00000    	 0.88394232E-02	 0.18217273E-02
  860.00000    	  865.00000    	 0.40923727E-03	 0.12382470E-02
  865.00000    	  870.00000    	 0.43861045E-02	 0.13065975E-02
  870.00000    	  875.00000    	 0.17820007E-02	 0.12276210E-02
  875.00000    	  880.00000    	 0.52700072E-02	 0.14408792E-02
  880.00000    	  885.00000    	 0.35408875E-02	 0.11789151E-02
  885.00000    	  890.00000    	 0.44386405E-02	 0.15869453E-02
  890.00000    	  895.00000    	 0.46117236E-02	 0.13670419E-02
  895.00000    	  900.00000    	 0.60791286E-02	 0.10887638E-02
  900.00000    	  905.00000    	 0.59402011E-02	 0.14277498E-02
  905.00000    	  910.00000    	 0.97919283E-03	 0.95238513E-03
  910.00000    	  915.00000    	 0.38879007E-02	 0.97664650E-03
  915.00000    	  920.00000    	 0.52430963E-02	 0.99084943E-03
  920.00000    	  925.00000    	 0.20233796E-02	 0.76942225E-03
  925.00000    	  930.00000    	 0.66566726E-02	 0.15206762E-02
  930.00000    	  935.00000    	 0.36179741E-02	 0.91362280E-03
  935.00000    	  940.00000    	 0.33953222E-02	 0.10866747E-02
  940.00000    	  945.00000    	 0.26766092E-02	 0.83420895E-03
  945.00000    	  950.00000    	 0.68927597E-03	 0.61090275E-03
  950.00000    	  955.00000    	 0.81231792E-03	 0.65633347E-03
  955.00000    	  960.00000    	 0.29476865E-03	 0.73526425E-03
  960.00000    	  965.00000    	 0.18601026E-02	 0.91831887E-03
  965.00000    	  970.00000    	 0.39623001E-02	 0.86248512E-03
  970.00000    	  975.00000    	 0.27060005E-02	 0.65956109E-03
  975.00000    	  980.00000    	 0.10016115E-02	 0.70253500E-03
  980.00000    	  985.00000    	 0.77438801E-03	 0.63850041E-03
  985.00000    	  990.00000    	 0.14162884E-02	 0.69144290E-03
  990.00000    	  995.00000    	 0.15240759E-02	 0.56691955E-03
  995.00000    	  1000.0000    	 0.20682823E-02	 0.62946843E-03
