# m34_highMass
# underflow	  12910.819    	  9.7326988    
# overflow	 0.35854360    	 0.10151757E-01
# sum	  12954.849    	  9.7373701    
# xmin	xmax	cross	numerror
  300.00000    	  305.00000    	  2.6630166    	 0.85625272E-01
  305.00000    	  310.00000    	  2.4093107    	 0.80828222E-01
  310.00000    	  315.00000    	  2.4952371    	 0.82846935E-01
  315.00000    	  320.00000    	  2.2712182    	 0.78924582E-01
  320.00000    	  325.00000    	  2.1909862    	 0.97467003E-01
  325.00000    	  330.00000    	  1.8780515    	 0.67461008E-01
  330.00000    	  335.00000    	  1.5421914    	 0.58666076E-01
  335.00000    	  340.00000    	  1.6180521    	 0.67692580E-01
  340.00000    	  345.00000    	  1.5882601    	 0.66556389E-01
  345.00000    	  350.00000    	  1.3170944    	 0.49995735E-01
  350.00000    	  355.00000    	  1.1991208    	 0.43962595E-01
  355.00000    	  360.00000    	  1.1582171    	 0.54096817E-01
  360.00000    	  365.00000    	  1.0651683    	 0.43992706E-01
  365.00000    	  370.00000    	 0.95753762    	 0.42971614E-01
  370.00000    	  375.00000    	 0.94805130    	 0.42395693E-01
  375.00000    	  380.00000    	 0.82576977    	 0.41492223E-01
  380.00000    	  385.00000    	 0.90374509    	 0.40107293E-01
  385.00000    	  390.00000    	 0.80154612    	 0.36220875E-01
  390.00000    	  395.00000    	 0.83218823    	 0.37656891E-01
  395.00000    	  400.00000    	 0.72039976    	 0.38798740E-01
  400.00000    	  405.00000    	 0.69630659    	 0.35159770E-01
  405.00000    	  410.00000    	 0.64787765    	 0.33106816E-01
  410.00000    	  415.00000    	 0.61197038    	 0.30411385E-01
  415.00000    	  420.00000    	 0.62753830    	 0.33049266E-01
  420.00000    	  425.00000    	 0.55394173    	 0.27632125E-01
  425.00000    	  430.00000    	 0.50053164    	 0.27414188E-01
  430.00000    	  435.00000    	 0.49908908    	 0.27978138E-01
  435.00000    	  440.00000    	 0.45729065    	 0.25421150E-01
  440.00000    	  445.00000    	 0.41532622    	 0.22290038E-01
  445.00000    	  450.00000    	 0.42960121    	 0.27722989E-01
  450.00000    	  455.00000    	 0.36804675    	 0.22010104E-01
  455.00000    	  460.00000    	 0.41657743    	 0.26196687E-01
  460.00000    	  465.00000    	 0.38342639    	 0.23036024E-01
  465.00000    	  470.00000    	 0.31319981    	 0.18775275E-01
  470.00000    	  475.00000    	 0.28742135    	 0.20261600E-01
  475.00000    	  480.00000    	 0.31203998    	 0.19606583E-01
  480.00000    	  485.00000    	 0.25824802    	 0.16781007E-01
  485.00000    	  490.00000    	 0.30827977    	 0.19678548E-01
  490.00000    	  495.00000    	 0.29794191    	 0.21011271E-01
  495.00000    	  500.00000    	 0.25415273    	 0.16555638E-01
  500.00000    	  505.00000    	 0.25059154    	 0.15931973E-01
  505.00000    	  510.00000    	 0.20783418    	 0.13798561E-01
  510.00000    	  515.00000    	 0.23645170    	 0.17079671E-01
  515.00000    	  520.00000    	 0.21259753    	 0.14747426E-01
  520.00000    	  525.00000    	 0.18610090    	 0.13936320E-01
  525.00000    	  530.00000    	 0.18181806    	 0.12394064E-01
  530.00000    	  535.00000    	 0.17612920    	 0.13461197E-01
  535.00000    	  540.00000    	 0.16191445    	 0.12502252E-01
  540.00000    	  545.00000    	 0.15669308    	 0.12021951E-01
  545.00000    	  550.00000    	 0.14775020    	 0.11511330E-01
  550.00000    	  555.00000    	 0.16653508    	 0.13693936E-01
  555.00000    	  560.00000    	 0.14790645    	 0.12076456E-01
  560.00000    	  565.00000    	 0.13498608    	 0.96042483E-02
  565.00000    	  570.00000    	 0.11773216    	 0.88582904E-02
  570.00000    	  575.00000    	 0.13891598    	 0.11826258E-01
  575.00000    	  580.00000    	 0.12171404    	 0.93669654E-02
  580.00000    	  585.00000    	 0.13517514    	 0.10104569E-01
  585.00000    	  590.00000    	 0.12281538    	 0.95092602E-02
  590.00000    	  595.00000    	 0.10278842    	 0.86225894E-02
  595.00000    	  600.00000    	 0.11481770    	 0.91082458E-02
  600.00000    	  605.00000    	 0.10989681    	 0.82072064E-02
  605.00000    	  610.00000    	 0.83792798E-01	 0.65575121E-02
  610.00000    	  615.00000    	 0.10490003    	 0.10039877E-01
  615.00000    	  620.00000    	 0.73813736E-01	 0.58991263E-02
  620.00000    	  625.00000    	 0.76511318E-01	 0.66897511E-02
  625.00000    	  630.00000    	 0.76863085E-01	 0.59235247E-02
  630.00000    	  635.00000    	 0.82046635E-01	 0.65579272E-02
  635.00000    	  640.00000    	 0.75315910E-01	 0.64228265E-02
  640.00000    	  645.00000    	 0.69197617E-01	 0.56045739E-02
  645.00000    	  650.00000    	 0.64450137E-01	 0.59184621E-02
  650.00000    	  655.00000    	 0.69636175E-01	 0.62069421E-02
  655.00000    	  660.00000    	 0.56222626E-01	 0.51160455E-02
  660.00000    	  665.00000    	 0.56880899E-01	 0.53420912E-02
  665.00000    	  670.00000    	 0.60976978E-01	 0.57615503E-02
  670.00000    	  675.00000    	 0.60768237E-01	 0.54861726E-02
  675.00000    	  680.00000    	 0.46949185E-01	 0.44788456E-02
  680.00000    	  685.00000    	 0.53288132E-01	 0.49602510E-02
  685.00000    	  690.00000    	 0.51422963E-01	 0.55735607E-02
  690.00000    	  695.00000    	 0.43646062E-01	 0.50248850E-02
  695.00000    	  700.00000    	 0.43668035E-01	 0.42360751E-02
  700.00000    	  705.00000    	 0.31023906E-01	 0.34281255E-02
  705.00000    	  710.00000    	 0.51606693E-01	 0.49660584E-02
  710.00000    	  715.00000    	 0.45799083E-01	 0.50965355E-02
  715.00000    	  720.00000    	 0.30714904E-01	 0.31579982E-02
  720.00000    	  725.00000    	 0.30209782E-01	 0.35546702E-02
  725.00000    	  730.00000    	 0.36902788E-01	 0.38603985E-02
  730.00000    	  735.00000    	 0.37441597E-01	 0.36533950E-02
  735.00000    	  740.00000    	 0.34118759E-01	 0.35774047E-02
  740.00000    	  745.00000    	 0.28283755E-01	 0.33600268E-02
  745.00000    	  750.00000    	 0.31831071E-01	 0.31780000E-02
  750.00000    	  755.00000    	 0.28524857E-01	 0.31396345E-02
  755.00000    	  760.00000    	 0.23064881E-01	 0.32739461E-02
  760.00000    	  765.00000    	 0.34904686E-01	 0.39866097E-02
  765.00000    	  770.00000    	 0.22385121E-01	 0.24025780E-02
  770.00000    	  775.00000    	 0.25502284E-01	 0.27858314E-02
  775.00000    	  780.00000    	 0.19551303E-01	 0.24382624E-02
  780.00000    	  785.00000    	 0.25108016E-01	 0.25043659E-02
  785.00000    	  790.00000    	 0.20914755E-01	 0.27852069E-02
  790.00000    	  795.00000    	 0.25014905E-01	 0.28842733E-02
  795.00000    	  800.00000    	 0.28292147E-01	 0.39365703E-02
  800.00000    	  805.00000    	 0.23149881E-01	 0.25602191E-02
  805.00000    	  810.00000    	 0.22123348E-01	 0.26463042E-02
  810.00000    	  815.00000    	 0.15328142E-01	 0.18094386E-02
  815.00000    	  820.00000    	 0.20268532E-01	 0.25952830E-02
  820.00000    	  825.00000    	 0.21878561E-01	 0.24104174E-02
  825.00000    	  830.00000    	 0.15721274E-01	 0.19784669E-02
  830.00000    	  835.00000    	 0.17711331E-01	 0.21809034E-02
  835.00000    	  840.00000    	 0.12703016E-01	 0.16302186E-02
  840.00000    	  845.00000    	 0.14413559E-01	 0.16247290E-02
  845.00000    	  850.00000    	 0.15946769E-01	 0.18584677E-02
  850.00000    	  855.00000    	 0.15884231E-01	 0.20556144E-02
  855.00000    	  860.00000    	 0.12486712E-01	 0.16797346E-02
  860.00000    	  865.00000    	 0.13922694E-01	 0.18039028E-02
  865.00000    	  870.00000    	 0.14494876E-01	 0.17228752E-02
  870.00000    	  875.00000    	 0.11926903E-01	 0.15511623E-02
  875.00000    	  880.00000    	 0.12641234E-01	 0.17277433E-02
  880.00000    	  885.00000    	 0.86731012E-02	 0.11521594E-02
  885.00000    	  890.00000    	 0.71324459E-02	 0.11170567E-02
  890.00000    	  895.00000    	 0.11749049E-01	 0.15999858E-02
  895.00000    	  900.00000    	 0.11016975E-01	 0.13114952E-02
  900.00000    	  905.00000    	 0.11128251E-01	 0.14372330E-02
  905.00000    	  910.00000    	 0.14314848E-01	 0.17390234E-02
  910.00000    	  915.00000    	 0.91498726E-02	 0.11885544E-02
  915.00000    	  920.00000    	 0.74697035E-02	 0.11132488E-02
  920.00000    	  925.00000    	 0.68304718E-02	 0.10530823E-02
  925.00000    	  930.00000    	 0.61389760E-02	 0.90480860E-03
  930.00000    	  935.00000    	 0.11115726E-01	 0.15137816E-02
  935.00000    	  940.00000    	 0.75729724E-02	 0.10508610E-02
  940.00000    	  945.00000    	 0.93125033E-02	 0.12544410E-02
  945.00000    	  950.00000    	 0.90867277E-02	 0.12979386E-02
  950.00000    	  955.00000    	 0.90430088E-02	 0.11831696E-02
  955.00000    	  960.00000    	 0.88701164E-02	 0.14607459E-02
  960.00000    	  965.00000    	 0.46852246E-02	 0.77601283E-03
  965.00000    	  970.00000    	 0.69757108E-02	 0.10397974E-02
  970.00000    	  975.00000    	 0.47661845E-02	 0.73217528E-03
  975.00000    	  980.00000    	 0.57516148E-02	 0.83372790E-03
  980.00000    	  985.00000    	 0.61128859E-02	 0.92027392E-03
  985.00000    	  990.00000    	 0.44989661E-02	 0.84431867E-03
  990.00000    	  995.00000    	 0.71316964E-02	 0.10674221E-02
  995.00000    	  1000.0000    	 0.63622263E-02	 0.82797044E-03
